8
9
10
13
24
25
30
45
51
55
72
76
10
11
12
50
51
64
68
72
74
75
76
83
86
87
92
8
9
35
44
49
56
58
59
61
67
69
70
74
75
81
83
84
88
89
96
97
99
100
101
111
114
119
124
126
130
132
139
146
154
177
179
180
181
8
9
11
16
17
18
19
8
11
18
19
20
25
26
27
30
6
7
8
9
13
14
15
16
19
20
24
25
31
39
40
41
42
43
44
45
48
50
51
53
54
55
57
60
61
65
82
86
87
104
116
130
135
136
150
170
186
212
216
6
7
19
45
52
55
79
82
89
92
96
120
8
9
10
14
35
36
37
39
51
6
7
8
6
7
19
45
52
55
81
82
83
85
90
91
92
94
95
96
97
8
9
10
12
23
24
30
38
49
8
9
11
16
17
18
19
6
8
9
10
11
13
14
16
20
21
22
26
29
33
34
46
47
48
49
50
51
52
53
55
57
59
64
70
79
86
90
101
120
13
20
21
27
28
30
31
32
42
43
44
47
6
7
8
9
10
11
12
28
30
31
56
59
62
81
28
29
30
31
7
10
8
9
10
13
24
25
30
45
51
55
72
76
6
7
8
9
10
11
12
23
50
53
56
75
7
8
9
10
11
14
16
22
23
30
42
43
44
45
46
47
59
61
94
105
124
8
9
10
7
6
7
19
45
52
55
81
83
85
94
27
28
30
31
32
42
43
44
47
8
9
10
11
14
16
22
23
30
42
43
44
45
46
47
59
61
94
105
124
6
7
8
9
10
11
12
23
24
26
60
63
66
85
27
28
30
31
32
42
43
44
47
8
9
10
13
24
25
30
45
51
55
72
76
27
28
29
30
32
33
34
38
41
42
43
44
22
23
24
26
10
11
12
50
51
64
68
72
74
75
76
83
86
87
92
23
24
25
26
27
28
30
6
7
8
9
13
14
41
42
7
8
9
11
16
17
18
19
8
9
10
11
14
16
22
23
30
42
43
44
45
46
47
59
61
94
105
124
27
28
30
31
32
42
43
44
47
33
27
28
30
31
32
42
43
44
48
52
56
68
12
14
15
16
17
19
21
23
24
27
30
31
43
44
46
49
50
53
54
56
60
61
62
63
65
68
73
77
82
87
98
117
8
9
10
11
14
16
22
23
30
42
43
44
45
46
47
59
61
94
105
124
27
28
30
31
32
42
43
44
47
22
8
6
7
19
45
52
55
79
83
84
86
87
88
90
92
94
95
10
11
12
13
17
19
21
31
39
53
10
11
12
13
17
19
21
31
39
53
6
7
19
45
52
55
79
82
89
92
96
120
53
56
60
62
64
89
105
8
9
10
11
14
16
22
23
30
42
43
44
45
46
47
59
61
94
105
124
8
9
10
11
14
16
22
23
30
42
43
44
45
46
47
59
61
94
105
124
7
22
23
25
8
9
10
11
14
16
22
23
30
42
43
44
45
46
47
59
61
94
105
124
8
9
11
16
17
18
19
8
9
11
16
17
18
19
7
22
27
28
30
31
35
6
10
11
12
47
48
65
68
75
76
77
84
87
88
94
8
9
10
13
24
25
30
45
51
55
72
76
6
7
19
45
52
55
79
80
81
83
86
87
90
92
21
34
59
60
27
29
30
25
29
48
52
8
9
7
6
7
19
45
52
55
79
83
84
86
87
88
90
92
94
95
10
11
12
50
51
64
68
72
74
75
76
83
86
87
92
8
18
8
11
18
19
20
25
26
27
30
13
7
10
8
9
11
16
17
18
19
6
7
19
45
52
55
6
7
8
9
10
11
12
28
35
41
44
45
49
52
54
62
63
65
66
70
75
100
103
106
125
10
8
20
22
51
52
61
69
70
79
21
30
37
38
43
46
7
6
7
8
9
10
11
12
23
24
25
27
54
57
60
79
6
7
19
45
52
55
78
79
80
82
8
9
11
16
17
18
19
7
8
9
10
13
24
25
30
45
51
55
72
76
27
28
30
31
32
42
43
44
47
6
8
9
10
11
13
14
16
22
23
24
30
33
51
52
54
55
56
61
64
70
79
86
90
101
120
12
14
15
16
17
19
21
23
24
27
30
31
43
44
46
49
50
53
54
56
60
61
62
63
65
68
73
77
82
87
98
117
8
9
10
11
12
13
14
29
30
31
32
46
58
65
72
10
11
12
13
17
19
21
31
39
53
11
12
13
17
21
48
21
29
30
31
32
33
35
38
40
42
27
28
30
31
32
42
43
44
47
8
9
52
7
8
9
10
8
9
10
12
23
24
30
38
49
10
27
28
30
31
32
42
43
44
47
8
9
10
12
23
24
30
38
49
11
12
13
17
21
48
6
7
8
9
10
11
12
23
51
54
57
76
8
9
10
12
23
24
30
38
49
22
28
32
25
32
33
34
36
10
8
9
10
11
27
28
30
31
32
42
43
44
47
10
13
17
25
43
51
54
7
7
19
25
26
27
28
29
30
32
33
34
35
39
40
41
42
51
56
59
61
99
100
101
102
103
104
6
7
8
9
10
11
12
28
29
30
31
33
34
35
39
42
43
44
45
73
76
79
98
9
12
45
52
54
55
58
60
65
66
69
70
71
76
77
80
81
82
81
8
9
10
12
23
24
30
38
49
10
7
9
10
11
12
13
14
15
16
17
18
19
20
21
22
23
25
26
28
29
30
33
36
45
47
54
60
61
64
66
72
82
83
85
90
102
105
61
66
67
68
69
72
73
77
80
81
82
84
88
89
90
92
93
95
96
6
7
19
45
52
55
92
94
96
100
17
21
22
23
24
25
32
34
35
60
61
70
78
79
88
8
9
10
13
24
25
30
45
51
55
72
76
27
28
30
31
32
42
43
44
47
14
7
9
10
72
75
78
79
90
97
102
104
106
108
20
21
10
20
27
28
30
34
38
39
42
43
44
6
7
19
45
52
55
80
81
82
84
85
87
88
91
92
94
96
117
27
34
40
43
44
48
51
53
61
62
64
65
69
74
7
8
9
11
16
17
18
19
8
9
11
16
17
18
19
8
9
10
11
12
19
23
26
27
32
33
35
46
48
49
51
54
55
56
77
88
107
10
11
27
28
29
30
31
32
33
36
38
39
41
42
43
46
47
92
106
111
129
139
27
28
30
31
32
42
43
44
47
6
7
19
45
52
55
89
94
8
9
52
6
7
19
45
52
55
77
80
27
28
30
31
32
42
43
44
47
27
28
30
31
32
42
43
44
47
27
28
30
31
32
42
43
44
47
8
9
23
28
29
38
6
7
19
45
52
55
78
81
86
88
91
92
94
6
7
8
9
10
11
12
23
37
40
41
43
46
49
50
54
80
83
86
105
27
28
30
31
32
42
43
44
47
9
10
35
59
61
89
92
27
28
30
31
32
42
43
44
47
8
9
10
12
23
24
30
38
49
8
9
10
27
28
30
31
32
42
43
44
47
18
21
22
23
24
25
32
35
39
43
45
47
48
55
27
28
30
31
32
42
43
44
47
27
28
30
31
32
42
43
44
47
14
15
6
7
19
45
52
55
79
80
81
83
86
87
90
92
8
9
42
8
13
17
29
30
37
8
9
11
16
17
18
19
6
7
19
45
52
55
92
94
96
100
6
7
8
9
10
11
12
22
30
31
32
33
34
36
39
41
43
71
74
77
96
53
7
8
9
21
23
97
133
135
137
19
13
14
16
8
9
10
13
24
25
30
45
51
55
72
76
10
11
12
13
10
7
7
8
9
11
16
17
18
19
21
22
35
7
8
9
11
16
17
18
19
7
21
34
60
61
8
9
10
12
23
24
30
38
49
8
9
10
11
12
19
23
26
27
32
33
35
46
48
49
51
54
55
56
77
88
107
22
23
29
40
53
58
60
63
71
75
78
92
104
113
122
133
140
142
10
11
12
13
6
7
19
45
52
55
80
81
82
84
85
87
88
91
92
94
96
117
8
9
11
16
17
18
19
6
7
8
9
10
11
12
22
31
38
39
44
47
75
78
81
100
8
11
12
32
34
82
85
8
9
10
13
24
25
30
45
51
55
72
76
10
11
12
13
17
19
21
31
39
53
8
9
10
13
24
25
30
45
51
55
72
76
10
11
12
50
51
64
68
72
74
75
76
83
86
87
92
8
9
11
16
17
18
19
6
7
19
45
52
55
81
83
85
94
8
9
11
16
17
18
19
22
6
7
19
45
52
55
78
81
86
88
91
92
94
27
28
30
31
32
42
43
44
47
6
8
9
10
12
23
24
30
38
49
22
36
39
40
42
45
48
49
53
8
9
10
11
14
16
22
23
30
42
43
44
45
46
47
59
61
94
105
124
20
22
23
46
47
56
64
65
74
8
11
18
19
20
25
26
27
31
20
21
8
9
10
11
14
16
22
23
30
42
43
44
45
46
47
59
61
94
105
124
7
10
8
9
10
8
9
10
11
12
19
23
26
27
32
33
35
46
48
49
51
54
55
56
77
88
107
8
9
10
13
24
25
30
45
51
55
72
76
8
9
10
12
23
24
30
38
49
8
9
10
11
14
16
22
23
30
42
43
44
45
46
47
59
61
94
105
124
6
7
19
45
52
55
8
9
52
10
11
12
47
48
65
68
75
76
77
84
87
88
94
8
9
10
13
24
25
30
45
51
55
72
76
27
28
30
31
32
42
43
44
47
10
8
9
10
11
14
16
22
23
30
42
43
44
45
46
47
59
61
94
105
124
8
9
10
12
23
24
30
38
49
8
11
18
19
20
25
26
27
30
27
28
30
31
32
42
43
44
47
27
28
30
31
32
42
43
44
47
10
11
12
13
17
19
21
31
39
53
8
9
7
11
12
13
17
21
48
10
11
12
50
51
64
68
72
74
75
76
83
86
87
92
6
7
19
45
52
55
90
97
102
10
11
12
50
51
64
68
72
74
75
76
83
86
87
92
8
9
10
11
14
16
22
23
30
42
43
44
45
46
47
59
61
94
105
124
20
21
22
23
24
8
9
10
12
23
24
30
38
49
8
9
10
11
12
19
23
26
27
32
33
35
46
48
49
51
54
55
56
77
88
107
8
9
10
12
23
24
30
38
49
10
11
12
50
51
64
68
72
74
75
76
83
86
87
92
7
19
20
22
23
54
66
84
85
98
116
164
168
27
28
30
31
32
42
43
44
47
10
11
12
50
51
64
68
72
74
75
76
83
86
87
92
8
9
10
11
14
16
22
23
30
42
43
44
45
46
47
59
61
94
105
124
6
7
19
45
52
55
81
82
83
85
90
91
92
94
95
96
97
29
31
27
28
30
31
32
42
43
44
47
6
7
19
45
52
55
77
80
10
6
10
11
12
8
9
10
13
